xof 0303txt 0032

template XSkinMeshHeader {
  <3cf169ce-ff7c-44ab-93c0-f78f62d172e2>
  WORD nMaxSkinWeightsPerVertex;
  WORD nMaxSkinWeightsPerFace;
  WORD nBones;
}

template SkinWeights {
  <6f0d123b-bad2-4167-a0d0-80224f25fabb>
  STRING transformNodeName;
  DWORD nWeights;
  array DWORD vertexIndices[nWeights];
  array float weights[nWeights];
  Matrix4x4 matrixOffset;
}

Frame Root {
  FrameTransformMatrix {
     1.000000, 0.000000, 0.000000, 0.000000,
     0.000000,-0.000000, 1.000000, 0.000000,
     0.000000, 1.000000, 0.000000, 0.000000,
     0.000000, 0.000000, 0.000000, 1.000000;;
  }
  Frame _02_Spinnen_Armature {
    FrameTransformMatrix {
       1.000000, 0.000000, 0.000000, 0.000000,
       0.000000, 1.000000, 0.000000, 0.000000,
       0.000000, 0.000000, 1.000000, 0.000000,
       0.000000, 0.012111, 0.000000, 1.000000;;
    }
    Frame _02_Spinnen_Armature_Body_003 {
      FrameTransformMatrix {
         0.500236, 0.321583,-0.803958, 0.000000,
         0.000000, 0.928477, 0.371391, 0.000000,
         0.865889,-0.185783, 0.464458, 0.000000,
         0.000000, 0.050572,-0.000000, 1.000000;;
      }
      Frame _02_Spinnen_Armature_Body_002 {
        FrameTransformMatrix {
           0.445901,-0.321584,-0.835318, 0.000000,
          -0.321584,-0.928476, 0.185784, 0.000000,
          -0.835318, 0.185784,-0.517425, 0.000000,
          -0.853804, 0.227464, 0.493255, 1.000000;;
        }
        Frame _02_Spinnen_Armature_Body {
          FrameTransformMatrix {
            -0.500237,-0.000000,-0.865889, 0.000000,
            -0.000001,-1.000000, 0.000001, 0.000000,
            -0.865889, 0.000001, 0.500237, 0.000000,
             0.597783, 0.798220,-0.345351, 1.000000;;
          }
          Frame _02_Spinnen_Armature_Body2 {
            FrameTransformMatrix {
               1.000000,-0.000000,-0.000000, 0.000000,
               0.000000, 1.000000,-0.000000, 0.000000,
               0.000000, 0.000000, 1.000000, 0.000000,
              -0.000001, 1.800001,-0.100005, 1.000000;;
            }
          } // End of _02_Spinnen_Armature_Body2
          Frame _02_Spinnen_Armature_FU_1_L {
            FrameTransformMatrix {
               0.302412,-0.407288, 0.861780, 0.000000,
               0.407289,-0.762204,-0.503151, 0.000000,
               0.861779, 0.503152,-0.064616, 0.000000,
               0.538701,-0.183408,-0.161899, 1.000000;;
            }
            Frame _02_Spinnen_Armature_FU_2_L {
              FrameTransformMatrix {
                 0.432825, 0.647803, 0.626908, 0.000000,
                -0.316429, 0.760348,-0.567224, 0.000000,
                -0.844118, 0.047137, 0.534081, 0.000000,
                 0.000000, 0.616358, 0.000000, 1.000000;;
              }
              Frame _02_Spinnen_Armature_FU_3_L {
                FrameTransformMatrix {
                   0.533422, 0.157863, 0.830988, 0.000000,
                  -0.321529, 0.946527, 0.026581, 0.000000,
                  -0.782356,-0.281365, 0.555655, 0.000000,
                   0.000000, 0.644930,-0.000000, 1.000000;;
                }
              } // End of _02_Spinnen_Armature_FU_3_L
            } // End of _02_Spinnen_Armature_FU_2_L
          } // End of _02_Spinnen_Armature_FU_1_L
          Frame _02_Spinnen_Armature_FU_1_R {
            FrameTransformMatrix {
               0.302413,-0.632390, 0.713182, 0.000000,
              -0.407291,-0.762202,-0.503152, 0.000000,
               0.861777,-0.138313,-0.488067, 0.000000,
              -0.538700,-0.183409,-0.161899, 1.000000;;
            }
            Frame _02_Spinnen_Armature_FU_2_R {
              FrameTransformMatrix {
                 0.498171,-0.598744, 0.627162, 0.000000,
                 0.107410, 0.760346, 0.640575, 0.000000,
                -0.860400,-0.251752, 0.443094, 0.000000,
                 0.000000, 0.616358,-0.000000, 1.000000;;
              }
              Frame _02_Spinnen_Armature_FU_3_R {
                FrameTransformMatrix {
                   0.598828,-0.306195, 0.740033, 0.000000,
                   0.274515, 0.946526, 0.169498, 0.000000,
                  -0.752360, 0.101650, 0.650862, 0.000000,
                  -0.000000, 0.644929, 0.000000, 1.000000;;
                }
              } // End of _02_Spinnen_Armature_FU_3_R
            } // End of _02_Spinnen_Armature_FU_2_R
          } // End of _02_Spinnen_Armature_FU_1_R
          Frame _02_Spinnen_Armature_Zahn_L {
            FrameTransformMatrix {
              -0.957384, 0.151081,-0.246153, 0.000000,
              -0.057285,-0.934671,-0.350869, 0.000000,
              -0.283082,-0.321816, 0.903493, 0.000000,
               0.233566,-0.505673,-0.202595, 1.000000;;
            }
          } // End of _02_Spinnen_Armature_Zahn_L
          Frame _02_Spinnen_Armature_Zahn_R {
            FrameTransformMatrix {
              -0.957383, 0.048221,-0.284767, 0.000000,
               0.057286,-0.934671,-0.350870, 0.000000,
              -0.283083,-0.352230, 0.892075, 0.000000,
              -0.233565,-0.505673,-0.202595, 1.000000;;
            }
          } // End of _02_Spinnen_Armature_Zahn_R
          Frame _02_Spinnen_Armature_v2_B1_L {
            FrameTransformMatrix {
              -0.375842,-0.606051, 0.701031, 0.000000,
               0.925631,-0.281569, 0.252836, 0.000000,
               0.044157, 0.743922, 0.666806, 0.000000,
               0.589575, 0.832685,-0.355596, 1.000000;;
            }
            Frame _02_Spinnen_Armature_v2_B2_L {
              FrameTransformMatrix {
                 0.314608,-0.527895,-0.788891, 0.000000,
                -0.244375, 0.758033,-0.604703, 0.000000,
                 0.917225, 0.383030, 0.109479, 0.000000,
                 0.000000, 1.468890, 0.000000, 1.000000;;
              }
              Frame _02_Spinnen_Armature_v2_B3_L {
                FrameTransformMatrix {
                   0.859424,-0.466388,-0.209458, 0.000000,
                   0.337059, 0.824905,-0.453787, 0.000000,
                   0.384424, 0.319396, 0.866143, 0.000000,
                  -0.000001, 2.048184, 0.000000, 1.000000;;
                }
              } // End of _02_Spinnen_Armature_v2_B3_L
            } // End of _02_Spinnen_Armature_v2_B2_L
          } // End of _02_Spinnen_Armature_v2_B1_L
          Frame _02_Spinnen_Armature_v2_B1_R {
            FrameTransformMatrix {
              -0.364001, 0.479779,-0.798320, 0.000000,
              -0.925632,-0.281571, 0.252830, 0.000000,
              -0.103481, 0.830982, 0.546591, 0.000000,
              -0.589574, 0.832685,-0.355596, 1.000000;;
            }
            Frame _02_Spinnen_Armature_v2_B2_R {
              FrameTransformMatrix {
                 0.308393, 0.471049, 0.826442, 0.000000,
                 0.337601, 0.758037,-0.558037, 0.000000,
                -0.889337, 0.451102, 0.074746, 0.000000,
                -0.000000, 1.468890,-0.000000, 1.000000;;
              }
              Frame _02_Spinnen_Armature_v2_B3_R {
                FrameTransformMatrix {
                   0.823064, 0.466382, 0.324119, 0.000000,
                  -0.272375, 0.824910,-0.495314, 0.000000,
                  -0.498374, 0.319393, 0.805985, 0.000000,
                  -0.000000, 2.048179, 0.000000, 1.000000;;
                }
              } // End of _02_Spinnen_Armature_v2_B3_R
            } // End of _02_Spinnen_Armature_v2_B2_R
          } // End of _02_Spinnen_Armature_v2_B1_R
          Frame _02_Spinnen_Armature_v3_B1_L {
            FrameTransformMatrix {
               0.265111,-0.545060,-0.795378, 0.000000,
               0.962163, 0.203373, 0.181335, 0.000000,
               0.062920,-0.813357, 0.578353, 0.000000,
               0.589575, 1.152220,-0.355597, 1.000000;;
            }
            Frame _02_Spinnen_Armature_v3_B2_L {
              FrameTransformMatrix {
                -0.101443, 0.466658, 0.878601, 0.000000,
                 0.373040, 0.836560,-0.401259, 0.000000,
                -0.922253, 0.287048,-0.258945, 0.000000,
                 0.000000, 1.355403,-0.000000, 1.000000;;
              }
              Frame _02_Spinnen_Armature_v3_B3_L {
                FrameTransformMatrix {
                   0.871270, 0.478083, 0.111018, 0.000000,
                  -0.456763, 0.872598,-0.173033, 0.000000,
                  -0.179598, 0.100050, 0.978639, 0.000000,
                   0.000000, 1.820552,-0.000000, 1.000000;;
                }
              } // End of _02_Spinnen_Armature_v3_B3_L
            } // End of _02_Spinnen_Armature_v3_B2_L
          } // End of _02_Spinnen_Armature_v3_B1_L
          Frame _02_Spinnen_Armature_v3_B1_R {
            FrameTransformMatrix {
               0.254590, 0.433905, 0.864240, 0.000000,
              -0.962163, 0.203376, 0.181328, 0.000000,
              -0.097086,-0.877705, 0.469265, 0.000000,
              -0.589574, 1.152220,-0.355597, 1.000000;;
            }
            Frame _02_Spinnen_Armature_v3_B2_R {
              FrameTransformMatrix {
                -0.091316,-0.422306,-0.901842, 0.000000,
                -0.422351, 0.836563,-0.348973, 0.000000,
                 0.901821, 0.349027,-0.254753, 0.000000,
                 0.000000, 1.355402, 0.000000, 1.000000;;
              }
              Frame _02_Spinnen_Armature_v3_B3_R {
                FrameTransformMatrix {
                   0.847439,-0.478074,-0.230851, 0.000000,
                   0.428324, 0.872603,-0.234740, 0.000000,
                   0.313665, 0.100049, 0.944248, 0.000000,
                  -0.000000, 1.820550,-0.000000, 1.000000;;
                }
              } // End of _02_Spinnen_Armature_v3_B3_R
            } // End of _02_Spinnen_Armature_v3_B2_R
          } // End of _02_Spinnen_Armature_v3_B1_R
          Frame _02_Spinnen_Armature_v4_B1_L {
            FrameTransformMatrix {
               0.748935,-0.641420,-0.166364, 0.000000,
               0.659602, 0.745646, 0.094535, 0.000000,
               0.063412,-0.180535, 0.981522, 0.000000,
               0.564327, 1.483044,-0.335541, 1.000000;;
            }
            Frame _02_Spinnen_Armature_v4_B2_L {
              FrameTransformMatrix {
                 0.863280, 0.461148, 0.205162, 0.000000,
                -0.282086, 0.777891,-0.561528, 0.000000,
                -0.418541, 0.426882, 0.801620, 0.000000,
                -0.000000, 1.625591, 0.000000, 1.000000;;
              }
              Frame _02_Spinnen_Armature_v4_B3_L {
                FrameTransformMatrix {
                   0.978921, 0.201830, 0.031271, 0.000000,
                  -0.179966, 0.924811,-0.335169, 0.000000,
                  -0.096567, 0.322476, 0.941639, 0.000000,
                   0.000000, 2.153015, 0.000000, 1.000000;;
                }
              } // End of _02_Spinnen_Armature_v4_B3_L
            } // End of _02_Spinnen_Armature_v4_B2_L
          } // End of _02_Spinnen_Armature_v4_B1_L
          Frame _02_Spinnen_Armature_v4_B1_R {
            FrameTransformMatrix {
               0.748936, 0.641419, 0.166364, 0.000000,
              -0.659602, 0.745647, 0.094533, 0.000000,
              -0.063413,-0.180533, 0.981523, 0.000000,
              -0.564326, 1.483044,-0.335540, 1.000000;;
            }
            Frame _02_Spinnen_Armature_v4_B2_R {
              FrameTransformMatrix {
                 0.863280,-0.461146,-0.205163, 0.000000,
                 0.282084, 0.777893,-0.561526, 0.000000,
                 0.418540, 0.426880, 0.801622, 0.000000,
                 0.000000, 1.625592, 0.000000, 1.000000;;
              }
              Frame _02_Spinnen_Armature_v4_B3_R {
                FrameTransformMatrix {
                   0.978922,-0.201827,-0.031272, 0.000000,
                   0.179964, 0.924811,-0.335167, 0.000000,
                   0.096567, 0.322474, 0.941639, 0.000000,
                   0.000000, 2.153013,-0.000000, 1.000000;;
                }
              } // End of _02_Spinnen_Armature_v4_B3_R
            } // End of _02_Spinnen_Armature_v4_B2_R
          } // End of _02_Spinnen_Armature_v4_B1_R
          Frame _02_Spinnen_Armature_v_B1_L {
            FrameTransformMatrix {
              -0.810654,-0.547520, 0.207513, 0.000000,
               0.583570,-0.784447, 0.209974, 0.000000,
               0.047819, 0.291315, 0.955431, 0.000000,
               0.580956, 0.496198,-0.296620, 1.000000;;
            }
            Frame _02_Spinnen_Armature_v_B2_L {
              FrameTransformMatrix {
                 0.926333,-0.324525,-0.191288, 0.000000,
                 0.179593, 0.826821,-0.533024, 0.000000,
                 0.331141, 0.459403, 0.824193, 0.000000,
                -0.000000, 1.593527, 0.000000, 1.000000;;
              }
              Frame _02_Spinnen_Armature_v_B3_L {
                FrameTransformMatrix {
                   0.913116,-0.407039, 0.023204, 0.000000,
                   0.371845, 0.808127,-0.456794, 0.000000,
                   0.167181, 0.425734, 0.889270, 0.000000,
                  -0.000000, 1.842401, 0.000000, 1.000000;;
                }
              } // End of _02_Spinnen_Armature_v_B3_L
            } // End of _02_Spinnen_Armature_v_B2_L
          } // End of _02_Spinnen_Armature_v_B1_L
          Frame _02_Spinnen_Armature_v_B1_R {
            FrameTransformMatrix {
              -0.811280, 0.551825,-0.193169, 0.000000,
              -0.583569,-0.784448, 0.209971, 0.000000,
              -0.035664, 0.283072, 0.958435, 0.000000,
              -0.580954, 0.496198,-0.296619, 1.000000;;
            }
            Frame _02_Spinnen_Armature_v_B2_R {
              FrameTransformMatrix {
                 0.911539, 0.347641, 0.219641, 0.000000,
                -0.187560, 0.826822,-0.530271, 0.000000,
                -0.365948, 0.442166, 0.818884, 0.000000,
                 0.000000, 1.593528, 0.000000, 1.000000;;
              }
              Frame _02_Spinnen_Armature_v_B3_R {
                FrameTransformMatrix {
                   0.910729, 0.407035,-0.069969, 0.000000,
                  -0.394765, 0.808131,-0.437133, 0.000000,
                  -0.121384, 0.425731, 0.896671, 0.000000,
                  -0.000000, 1.842398, 0.000000, 1.000000;;
                }
              } // End of _02_Spinnen_Armature_v_B3_R
            } // End of _02_Spinnen_Armature_v_B2_R
          } // End of _02_Spinnen_Armature_v_B1_R
        } // End of _02_Spinnen_Armature_Body
      } // End of _02_Spinnen_Armature_Body_002
      Frame _02_Spinnen_Armature_v2_B3_L_001 {
        FrameTransformMatrix {
          -0.038039,-0.085260, 0.021976, 0.000000,
           0.049868,-0.000000, 0.086319, 0.000000,
          -0.020918, 0.012448, 0.012085, 0.000000,
           2.991201,-2.838390, 3.197579, 1.000000;;
        }
      } // End of _02_Spinnen_Armature_v2_B3_L_001
      Frame _02_Spinnen_Armature_v2_B3_R_001 {
        FrameTransformMatrix {
           0.038039, 0.085260,-0.021976, 0.000000,
          -0.049868, 0.000000,-0.086319, 0.000000,
          -0.020918, 0.012448, 0.012085, 0.000000,
          -1.275871,-2.838389,-4.188551, 1.000000;;
        }
      } // End of _02_Spinnen_Armature_v2_B3_R_001
      Frame _02_Spinnen_Armature_v3_B3_L_001 {
        FrameTransformMatrix {
          -0.038039,-0.085260, 0.021976, 0.000000,
           0.049868, 0.000000, 0.086319, 0.000000,
          -0.020918, 0.012448, 0.012085, 0.000000,
           4.445878, 0.906090, 2.721414, 1.000000;;
        }
      } // End of _02_Spinnen_Armature_v3_B3_L_001
      Frame _02_Spinnen_Armature_v3_B3_R_001 {
        FrameTransformMatrix {
           0.042085, 0.080246,-0.024313, 0.000000,
          -0.049868, 0.000000,-0.086319, 0.000000,
          -0.024964, 0.017462, 0.014422, 0.000000,
          -0.136720, 0.906091,-5.210879, 1.000000;;
        }
      } // End of _02_Spinnen_Armature_v3_B3_R_001
      Frame _02_Spinnen_Armature_v4_B3_L_001 {
        FrameTransformMatrix {
          -0.038039,-0.085260, 0.021976, 0.000000,
           0.049868, 0.000000, 0.086319, 0.000000,
          -0.020918, 0.012448, 0.012085, 0.000000,
           4.269245, 3.662942, 0.211224, 1.000000;;
        }
      } // End of _02_Spinnen_Armature_v4_B3_L_001
      Frame _02_Spinnen_Armature_v4_B3_R_001 {
        FrameTransformMatrix {
           0.038039, 0.085260,-0.021976, 0.000000,
          -0.049868, 0.000000,-0.086319, 0.000000,
          -0.020918, 0.012448, 0.012085, 0.000000,
           1.949619, 3.662941,-3.803953, 1.000000;;
        }
      } // End of _02_Spinnen_Armature_v4_B3_R_001
      Frame _02_Spinnen_Armature_v_B3_L_001 {
        FrameTransformMatrix {
          -0.038039,-0.085260, 0.021976, 0.000000,
           0.049868,-0.000000, 0.086319, 0.000000,
          -0.020918, 0.012448, 0.012085, 0.000000,
           0.810987,-5.499290, 1.593463, 1.000000;;
        }
      } // End of _02_Spinnen_Armature_v_B3_L_001
      Frame _02_Spinnen_Armature_v_B3_R_001 {
        FrameTransformMatrix {
           0.038039, 0.085260,-0.021976, 0.000000,
          -0.049868, 0.000000,-0.086319, 0.000000,
          -0.020918, 0.012448, 0.012085, 0.000000,
          -0.975305,-5.499291,-1.498537, 1.000000;;
        }
      } // End of _02_Spinnen_Armature_v_B3_R_001
    } // End of _02_Spinnen_Armature_Body_003
    Frame Cube {
      FrameTransformMatrix {
         1.000000, 0.000000, 0.000000, 0.000000,
         0.000000, 1.000000, 0.000000, 0.000000,
         0.000000, 0.000000, 1.000000, 0.000000,
         0.000000, 0.000000,-0.000000, 1.000000;;
      }
      Mesh { // Cube mesh
        852;
        -0.764970;-0.235072;-0.205654;,
        -1.021102;-0.639344;-0.044249;,
        -0.853899;-0.793720;-0.013181;,
        -0.728988;-0.617530;-0.087702;,
        -0.396942;-0.190073;-0.505534;,
        -1.031326;-0.628429;-0.361494;,
        -0.764970;-0.235072;-0.205654;,
        -0.764970;-0.235072;-0.205654;,
        -1.031326;-0.628429;-0.361494;,
        -1.021102;-0.639344;-0.044249;,
        -1.657242;-2.009961; 0.315400;,
        -2.111630;-3.390825;-0.135577;,
        -1.944021;-3.330583;-0.379800;,
        -1.495658;-2.000246; 0.171377;,
        -1.851404;-1.878313; 0.290152;,
        -2.341340;-3.238907;-0.179485;,
        -2.111630;-3.390825;-0.135577;,
        -1.657242;-2.009961; 0.315400;,
        -1.914332;-1.786902; 0.104504;,
        -2.360610;-3.164847;-0.351000;,
        -2.341340;-3.238907;-0.179485;,
        -1.851404;-1.878313; 0.290152;,
        -2.360610;-3.164847;-0.351000;,
        -1.822822;-5.058878;-1.943497;,
        -1.826141;-5.113403;-1.954285;,
        -2.341340;-3.238907;-0.179485;,
        -2.341340;-3.238907;-0.179485;,
        -1.826141;-5.113403;-1.954285;,
        -1.761677;-5.123493;-1.954285;,
        -2.111630;-3.390825;-0.135577;,
        -2.111630;-3.390825;-0.135577;,
        -1.761677;-5.123493;-1.954285;,
        -1.744741;-5.068083;-1.954285;,
        -1.944021;-3.330583;-0.379800;,
        -1.822822;-5.058878;-1.943497;,
        -1.744741;-5.068083;-1.954285;,
        -1.761677;-5.123493;-1.954285;,
        -1.826141;-5.113403;-1.954285;,
        -1.021102;-0.639344;-0.044249;,
        -1.031326;-0.628429;-0.361494;,
        -1.501340;-1.209272;-0.080283;,
        -1.441041;-1.239511; 0.224915;,
        -1.441041;-1.239511; 0.224915;,
        -1.501340;-1.209272;-0.080283;,
        -1.914332;-1.786902; 0.104504;,
        -1.851404;-1.878313; 0.290152;,
        -0.853899;-0.793720;-0.013181;,
        -1.021102;-0.639344;-0.044249;,
        -1.441041;-1.239511; 0.224915;,
        -1.272684;-1.353897; 0.228587;,
        -1.272684;-1.353897; 0.228587;,
        -1.441041;-1.239511; 0.224915;,
        -1.851404;-1.878313; 0.290152;,
        -1.657242;-2.009961; 0.315400;,
        -0.742263;-0.885021;-0.201660;,
        -0.853899;-0.793720;-0.013181;,
        -1.272684;-1.353897; 0.228587;,
        -1.170346;-1.455554; 0.046246;,
        -1.170346;-1.455554; 0.046246;,
        -1.272684;-1.353897; 0.228587;,
        -1.657242;-2.009961; 0.315400;,
        -1.495658;-2.000246; 0.171377;,
        -0.423942;-0.442739;-0.335315;,
        -0.728988;-0.617530;-0.087702;,
        -0.853899;-0.793720;-0.013181;,
        -0.742263;-0.885021;-0.201660;,
        -1.495658;-2.000246; 0.171377;,
        -1.944021;-3.330583;-0.379800;,
        -2.128424;-3.248843;-0.593353;,
        -1.681104;-1.894702;-0.090012;,
        -1.681104;-1.894702;-0.090012;,
        -2.128424;-3.248843;-0.593353;,
        -2.360610;-3.164847;-0.351000;,
        -1.914332;-1.786902; 0.104504;,
        -2.128424;-3.248843;-0.593353;,
        -1.822822;-5.058878;-1.943497;,
        -2.360610;-3.164847;-0.351000;,
        -1.501340;-1.209272;-0.080283;,
        -1.031326;-0.628429;-0.361494;,
        -0.862903;-0.757853;-0.509530;,
        -1.311951;-1.333541;-0.244971;,
        -1.311951;-1.333541;-0.244971;,
        -0.862903;-0.757853;-0.509530;,
        -0.742263;-0.885021;-0.201660;,
        -1.170346;-1.455554; 0.046246;,
        -1.914332;-1.786902; 0.104504;,
        -1.501340;-1.209272;-0.080283;,
        -1.311951;-1.333541;-0.244971;,
        -1.681104;-1.894702;-0.090012;,
        -1.681104;-1.894702;-0.090012;,
        -1.311951;-1.333541;-0.244971;,
        -1.170346;-1.455554; 0.046246;,
        -1.495658;-2.000246; 0.171377;,
        -0.862903;-0.757853;-0.509530;,
        -0.396942;-0.190073;-0.505534;,
        -0.423942;-0.442739;-0.335315;,
        -1.031326;-0.628429;-0.361494;,
        -0.396942;-0.190073;-0.505534;,
        -0.862903;-0.757853;-0.509530;,
        -0.742263;-0.885021;-0.201660;,
        -0.862903;-0.757853;-0.509530;,
        -0.423942;-0.442739;-0.335315;,
        -1.822822;-5.058878;-1.943497;,
        -2.128424;-3.248843;-0.593353;,
        -1.944021;-3.330583;-0.379800;,
        -1.744741;-5.068083;-1.954285;,
         0.764970;-0.235072;-0.205654;,
         0.728988;-0.617530;-0.087702;,
         0.853899;-0.793720;-0.013181;,
         1.021102;-0.639344;-0.044249;,
         0.396942;-0.190073;-0.505534;,
         0.764970;-0.235072;-0.205654;,
         1.031326;-0.628429;-0.361494;,
         0.764970;-0.235072;-0.205654;,
         1.021102;-0.639344;-0.044249;,
         1.031326;-0.628429;-0.361494;,
         1.657242;-2.009961; 0.315400;,
         1.495658;-2.000246; 0.171377;,
         1.944021;-3.330583;-0.379800;,
         2.111630;-3.390825;-0.135577;,
         1.851404;-1.878313; 0.290152;,
         1.657242;-2.009961; 0.315400;,
         2.111630;-3.390825;-0.135577;,
         2.341340;-3.238907;-0.179485;,
         1.914332;-1.786902; 0.104504;,
         1.851404;-1.878313; 0.290152;,
         2.341340;-3.238907;-0.179485;,
         2.360610;-3.164847;-0.351000;,
         2.360610;-3.164847;-0.351000;,
         2.341340;-3.238907;-0.179485;,
         1.826141;-5.113403;-1.954285;,
         1.822822;-5.058878;-1.943497;,
         2.341340;-3.238907;-0.179485;,
         2.111630;-3.390825;-0.135577;,
         1.761677;-5.123493;-1.954285;,
         1.826141;-5.113403;-1.954285;,
         2.111630;-3.390825;-0.135577;,
         1.944021;-3.330583;-0.379800;,
         1.744741;-5.068083;-1.954285;,
         1.761677;-5.123493;-1.954285;,
         1.822822;-5.058878;-1.943497;,
         1.826141;-5.113403;-1.954285;,
         1.761677;-5.123493;-1.954285;,
         1.744741;-5.068083;-1.954285;,
         1.021102;-0.639344;-0.044249;,
         1.441041;-1.239511; 0.224915;,
         1.501340;-1.209272;-0.080283;,
         1.031326;-0.628429;-0.361494;,
         1.441041;-1.239511; 0.224915;,
         1.851404;-1.878313; 0.290152;,
         1.914332;-1.786902; 0.104504;,
         1.501340;-1.209272;-0.080283;,
         0.853899;-0.793720;-0.013181;,
         1.272684;-1.353897; 0.228587;,
         1.441041;-1.239511; 0.224915;,
         1.021102;-0.639344;-0.044249;,
         1.272684;-1.353897; 0.228587;,
         1.657242;-2.009961; 0.315400;,
         1.851404;-1.878313; 0.290152;,
         1.441041;-1.239511; 0.224915;,
         0.742263;-0.885021;-0.201660;,
         1.170346;-1.455554; 0.046246;,
         1.272684;-1.353897; 0.228587;,
         0.853899;-0.793720;-0.013181;,
         1.170346;-1.455554; 0.046246;,
         1.495658;-2.000246; 0.171377;,
         1.657242;-2.009961; 0.315400;,
         1.272684;-1.353897; 0.228587;,
         0.423942;-0.442739;-0.335315;,
         0.742263;-0.885021;-0.201660;,
         0.853899;-0.793720;-0.013181;,
         0.728988;-0.617530;-0.087702;,
         1.495658;-2.000246; 0.171377;,
         1.681104;-1.894702;-0.090012;,
         2.128424;-3.248843;-0.593353;,
         1.944021;-3.330583;-0.379800;,
         1.681104;-1.894702;-0.090012;,
         1.914332;-1.786902; 0.104504;,
         2.360610;-3.164847;-0.351000;,
         2.128424;-3.248843;-0.593353;,
         2.128424;-3.248843;-0.593353;,
         2.360610;-3.164847;-0.351000;,
         1.822822;-5.058878;-1.943497;,
         1.501340;-1.209272;-0.080283;,
         1.311951;-1.333541;-0.244971;,
         0.862903;-0.757853;-0.509530;,
         1.031326;-0.628429;-0.361494;,
         1.311951;-1.333541;-0.244971;,
         1.170346;-1.455554; 0.046246;,
         0.742263;-0.885021;-0.201660;,
         0.862903;-0.757853;-0.509530;,
         1.914332;-1.786902; 0.104504;,
         1.681104;-1.894702;-0.090012;,
         1.311951;-1.333541;-0.244971;,
         1.501340;-1.209272;-0.080283;,
         1.681104;-1.894702;-0.090012;,
         1.495658;-2.000246; 0.171377;,
         1.170346;-1.455554; 0.046246;,
         1.311951;-1.333541;-0.244971;,
         0.862903;-0.757853;-0.509530;,
         0.423942;-0.442739;-0.335315;,
         0.396942;-0.190073;-0.505534;,
         1.031326;-0.628429;-0.361494;,
         0.862903;-0.757853;-0.509530;,
         0.396942;-0.190073;-0.505534;,
         0.742263;-0.885021;-0.201660;,
         0.423942;-0.442739;-0.335315;,
         0.862903;-0.757853;-0.509530;,
         1.822822;-5.058878;-1.943497;,
         1.744741;-5.068083;-1.954285;,
         1.944021;-3.330583;-0.379800;,
         2.128424;-3.248843;-0.593353;,
         2.314341; 4.762387;-1.973797;,
         2.337976; 4.792552;-1.973797;,
         2.349125; 3.613295;-0.792152;,
         2.275247; 3.589539;-0.967403;,
         2.275247; 3.589539;-0.967403;,
         2.195244; 3.620981;-0.880244;,
         2.314341; 4.762387;-1.973797;,
         1.945779; 2.251005;-0.219051;,
         1.794011; 2.299963;-0.137189;,
         2.195244; 3.620981;-0.880244;,
         2.275247; 3.589539;-0.967403;,
         2.082501; 2.294915;-0.009429;,
         1.945779; 2.251005;-0.219051;,
         2.275247; 3.589539;-0.967403;,
         2.349125; 3.613295;-0.792152;,
         1.428471; 1.165640;-0.255140;,
         1.259937; 1.257699;-0.193838;,
         1.794011; 2.299963;-0.137189;,
         1.945779; 2.251005;-0.219051;,
         1.587463; 1.089531;-0.052301;,
         1.428471; 1.165640;-0.255140;,
         1.945779; 2.251005;-0.219051;,
         2.082501; 2.294915;-0.009429;,
         1.428471; 1.165640;-0.255140;,
         1.587463; 1.089531;-0.052301;,
         0.954323; 0.529538;-0.404923;,
         0.861808; 0.706114;-0.533053;,
         1.259937; 1.257699;-0.193838;,
         1.428471; 1.165640;-0.255140;,
         0.861808; 0.706114;-0.533053;,
         0.769293; 0.882689;-0.403513;,
         0.861808; 0.706114;-0.533053;,
         0.954323; 0.529538;-0.404923;,
         0.396942; 0.400922;-0.505534;,
         0.769293; 0.882689;-0.403513;,
         0.861808; 0.706114;-0.533053;,
         0.442265; 0.722234;-0.427965;,
         0.861808; 0.706114;-0.533053;,
         0.396942; 0.400922;-0.505534;,
         0.442265; 0.722234;-0.427965;,
         2.314341; 4.762387;-1.973797;,
         2.299072; 4.783151;-1.973797;,
         2.316906; 4.808027;-1.973797;,
         2.337976; 4.792552;-1.973797;,
         2.195244; 3.620981;-0.880244;,
         2.195166; 3.654410;-0.782572;,
         2.299072; 4.783151;-1.973797;,
         2.314341; 4.762387;-1.973797;,
         2.195166; 3.654410;-0.782572;,
         2.271804; 3.710004;-0.727684;,
         2.316906; 4.808027;-1.973797;,
         2.299072; 4.783151;-1.973797;,
         2.271804; 3.710004;-0.727684;,
         2.349125; 3.613295;-0.792152;,
         2.337976; 4.792552;-1.973797;,
         2.316906; 4.808027;-1.973797;,
         1.938334; 2.404671; 0.175286;,
         2.082501; 2.294915;-0.009429;,
         2.349125; 3.613295;-0.792152;,
         2.271804; 3.710004;-0.727684;,
         1.741671; 2.409064; 0.011768;,
         1.938334; 2.404671; 0.175286;,
         2.271804; 3.710004;-0.727684;,
         2.195166; 3.654410;-0.782572;,
         1.794011; 2.299963;-0.137189;,
         1.741671; 2.409064; 0.011768;,
         2.195166; 3.654410;-0.782572;,
         2.195244; 3.620981;-0.880244;,
         1.259937; 1.257699;-0.193838;,
         1.217293; 1.246984; 0.027145;,
         1.741671; 2.409064; 0.011768;,
         1.794011; 2.299963;-0.137189;,
         1.217293; 1.246984; 0.027145;,
         1.391602; 1.068228; 0.115247;,
         1.938334; 2.404671; 0.175286;,
         1.741671; 2.409064; 0.011768;,
         1.391602; 1.068228; 0.115247;,
         1.587463; 1.089531;-0.052301;,
         2.082501; 2.294915;-0.009429;,
         1.938334; 2.404671; 0.175286;,
         0.954323; 0.529538;-0.404923;,
         1.587463; 1.089531;-0.052301;,
         1.391602; 1.068228; 0.115247;,
         0.845151; 0.559380;-0.217337;,
         0.845151; 0.559380;-0.217337;,
         1.391602; 1.068228; 0.115247;,
         1.217293; 1.246984; 0.027145;,
         0.820524; 0.860061;-0.209151;,
         0.820524; 0.860061;-0.209151;,
         1.217293; 1.246984; 0.027145;,
         1.259937; 1.257699;-0.193838;,
         0.769293; 0.882689;-0.403513;,
         0.442265; 0.722234;-0.427965;,
         0.700234; 0.765167;-0.165540;,
         0.820524; 0.860061;-0.209151;,
         0.769293; 0.882689;-0.403513;,
         0.700234; 0.765167;-0.165540;,
         0.731712; 0.415971;-0.211737;,
         0.845151; 0.559380;-0.217337;,
         0.820524; 0.860061;-0.209151;,
         0.731712; 0.415971;-0.211737;,
         0.396942; 0.400922;-0.505534;,
         0.954323; 0.529538;-0.404923;,
         0.845151; 0.559380;-0.217337;,
         4.560925; 1.819550;-1.973797;,
         4.584938; 1.797253;-1.973797;,
         3.509696; 0.797158;-0.608825;,
         3.467543; 1.013779;-0.742112;,
         2.119578; 0.539149;-0.189640;,
         2.149304; 0.321499;-0.032798;,
         1.548658; 0.219564;-0.153560;,
         1.535092; 0.411394;-0.301680;,
         2.089853; 0.756799;-0.023252;,
         2.119578; 0.539149;-0.189640;,
         1.535092; 0.411394;-0.301680;,
         1.521526; 0.603225;-0.126570;,
         1.535092; 0.411394;-0.301680;,
         1.548658; 0.219564;-0.153560;,
         0.941589; 0.129800;-0.463368;,
         0.931224; 0.300460;-0.630469;,
         1.521526; 0.603225;-0.126570;,
         1.535092; 0.411394;-0.301680;,
         0.931224; 0.300460;-0.630469;,
         0.920859; 0.471120;-0.474339;,
         3.467543; 1.013779;-0.742112;,
         3.425389; 1.230399;-0.552169;,
         4.560925; 1.819550;-1.973797;,
         2.119578; 0.539149;-0.189640;,
         2.089853; 0.756799;-0.023252;,
         3.425389; 1.230399;-0.552169;,
         3.467543; 1.013779;-0.742112;,
         2.149304; 0.321499;-0.032798;,
         2.119578; 0.539149;-0.189640;,
         3.467543; 1.013779;-0.742112;,
         3.509696; 0.797158;-0.608825;,
         0.931224; 0.300460;-0.630469;,
         0.941589; 0.129800;-0.463368;,
         0.399872; 0.088470;-0.505534;,
         0.920859; 0.471120;-0.474339;,
         0.931224; 0.300460;-0.630469;,
         0.396942; 0.400922;-0.505534;,
         0.931224; 0.300460;-0.630469;,
         0.399872; 0.088470;-0.505534;,
         0.396942; 0.400922;-0.505534;,
         1.548658; 0.219564;-0.153560;,
         2.149304; 0.321499;-0.032798;,
         2.138218; 0.398094; 0.171342;,
         1.511695; 0.273823; 0.040455;,
         0.941589; 0.129800;-0.463368;,
         1.548658; 0.219564;-0.153560;,
         1.511695; 0.273823; 0.040455;,
         0.899237; 0.180791;-0.228823;,
         1.511695; 0.273823; 0.040455;,
         2.138218; 0.398094; 0.171342;,
         2.080534; 0.634095; 0.168381;,
         1.481409; 0.523631; 0.024058;,
         0.899237; 0.180791;-0.228823;,
         1.511695; 0.273823; 0.040455;,
         1.481409; 0.523631; 0.024058;,
         0.874483; 0.433081;-0.231783;,
         1.481409; 0.523631; 0.024058;,
         2.080534; 0.634095; 0.168381;,
         2.089853; 0.756799;-0.023252;,
         1.521526; 0.603225;-0.126570;,
         0.874483; 0.433081;-0.231783;,
         1.481409; 0.523631; 0.024058;,
         1.521526; 0.603225;-0.126570;,
         0.920859; 0.471120;-0.474339;,
         4.560925; 1.819550;-1.973797;,
         4.576844; 1.834725;-1.973797;,
         4.599916; 1.814452;-1.973797;,
         4.584938; 1.797253;-1.973797;,
         3.617368; 0.933032;-0.424057;,
         3.509696; 0.797158;-0.608825;,
         4.584938; 1.797253;-1.973797;,
         4.599916; 1.814452;-1.973797;,
         3.557401; 1.130461;-0.371140;,
         3.617368; 0.933032;-0.424057;,
         4.599916; 1.814452;-1.973797;,
         4.576844; 1.834725;-1.973797;,
         3.425389; 1.230399;-0.552169;,
         3.557401; 1.130461;-0.371140;,
         4.576844; 1.834725;-1.973797;,
         4.560925; 1.819550;-1.973797;,
         2.089853; 0.756799;-0.023252;,
         2.080534; 0.634095; 0.168381;,
         3.557401; 1.130461;-0.371140;,
         3.425389; 1.230399;-0.552169;,
         2.080534; 0.634095; 0.168381;,
         2.138218; 0.398094; 0.171342;,
         3.617368; 0.933032;-0.424057;,
         3.557401; 1.130461;-0.371140;,
         2.138218; 0.398094; 0.171342;,
         2.149304; 0.321499;-0.032798;,
         3.509696; 0.797158;-0.608825;,
         3.617368; 0.933032;-0.424057;,
         0.396942; 0.400922;-0.505534;,
         0.731712; 0.415971;-0.211737;,
         0.874483; 0.433081;-0.231783;,
         0.920859; 0.471120;-0.474339;,
         0.731712; 0.415971;-0.211737;,
         0.782208; 0.100442;-0.205654;,
         0.899237; 0.180791;-0.228823;,
         0.874483; 0.433081;-0.231783;,
         0.782208; 0.100442;-0.205654;,
         0.399872; 0.088470;-0.505534;,
         0.941589; 0.129800;-0.463368;,
         0.899237; 0.180791;-0.228823;,
         4.258026;-2.188370;-1.973797;,
         4.241917;-2.233004;-1.973797;,
         3.441359;-1.632732;-0.498388;,
         3.508264;-1.506896;-0.688404;,
         1.641276;-0.094046;-0.137646;,
         1.843095; 0.026542;-0.158793;,
         1.325906; 0.087042;-0.428808;,
         0.928978; 0.041983;-0.460683;,
         2.088476;-0.532282;-0.073120;,
         2.034990;-0.756563; 0.101467;,
         1.489533;-0.497852;-0.115732;,
         1.565291;-0.290966;-0.309960;,
         2.204032;-0.339976; 0.116919;,
         2.088476;-0.532282;-0.073120;,
         1.565291;-0.290966;-0.309960;,
         1.641276;-0.094046;-0.137646;,
         1.565291;-0.290966;-0.309960;,
         1.489533;-0.497852;-0.115732;,
         0.864892;-0.337037;-0.445762;,
         0.896935;-0.147527;-0.637698;,
         1.641276;-0.094046;-0.137646;,
         1.565291;-0.290966;-0.309960;,
         0.896935;-0.147527;-0.637698;,
         0.928978; 0.041983;-0.460683;,
         3.508264;-1.506896;-0.688404;,
         3.575170;-1.381060;-0.509470;,
         4.258026;-2.188370;-1.973797;,
         2.088476;-0.532282;-0.073120;,
         2.204032;-0.339976; 0.116919;,
         3.575170;-1.381060;-0.509470;,
         3.508264;-1.506896;-0.688404;,
         2.034990;-0.756563; 0.101467;,
         2.088476;-0.532282;-0.073120;,
         3.508264;-1.506896;-0.688404;,
         3.441359;-1.632732;-0.498388;,
         0.896935;-0.147527;-0.637698;,
         0.864892;-0.337037;-0.445762;,
         0.396942;-0.190073;-0.505534;,
         0.928978; 0.041983;-0.460683;,
         0.896935;-0.147527;-0.637698;,
         0.399872; 0.088470;-0.505534;,
         0.896935;-0.147527;-0.637698;,
         0.396942;-0.190073;-0.505534;,
         0.399872; 0.088470;-0.505534;,
         1.489533;-0.497852;-0.115732;,
         2.034990;-0.756563; 0.101467;,
         2.074060;-0.673447; 0.295268;,
         1.465109;-0.394913; 0.083840;,
         0.864892;-0.337037;-0.445762;,
         1.489533;-0.497852;-0.115732;,
         1.465109;-0.394913; 0.083840;,
         0.893729;-0.248384;-0.210993;,
         1.465109;-0.394913; 0.083840;,
         2.074060;-0.673447; 0.295268;,
         2.160071;-0.422857; 0.325162;,
         1.540784;-0.168147; 0.114013;,
         0.893729;-0.248384;-0.210993;,
         1.465109;-0.394913; 0.083840;,
         1.540784;-0.168147; 0.114013;,
         0.914683;-0.036982;-0.215183;,
         1.540784;-0.168147; 0.114013;,
         2.160071;-0.422857; 0.325162;,
         2.204032;-0.339976; 0.116919;,
         1.641276;-0.094046;-0.137646;,
         0.914683;-0.036982;-0.215183;,
         1.540784;-0.168147; 0.114013;,
         1.641276;-0.094046;-0.137646;,
         0.928978; 0.041983;-0.460683;,
         4.258026;-2.188370;-1.973797;,
         4.288173;-2.202400;-1.973797;,
         4.272463;-2.245501;-1.973797;,
         4.241917;-2.233004;-1.973797;,
         3.585745;-1.646883;-0.413660;,
         3.441359;-1.632732;-0.498388;,
         4.241917;-2.233004;-1.973797;,
         4.272463;-2.245501;-1.973797;,
         3.633208;-1.480059;-0.436924;,
         3.585745;-1.646883;-0.413660;,
         4.272463;-2.245501;-1.973797;,
         4.288173;-2.202400;-1.973797;,
         3.575170;-1.381060;-0.509470;,
         3.633208;-1.480059;-0.436924;,
         4.288173;-2.202400;-1.973797;,
         4.258026;-2.188370;-1.973797;,
         2.204032;-0.339976; 0.116919;,
         2.160071;-0.422857; 0.325162;,
         3.633208;-1.480059;-0.436924;,
         3.575170;-1.381060;-0.509470;,
         2.160071;-0.422857; 0.325162;,
         2.074060;-0.673447; 0.295268;,
         3.585745;-1.646883;-0.413660;,
         3.633208;-1.480059;-0.436924;,
         2.074060;-0.673447; 0.295268;,
         2.034990;-0.756563; 0.101467;,
         3.441359;-1.632732;-0.498388;,
         3.585745;-1.646883;-0.413660;,
         0.399872; 0.088470;-0.505534;,
         0.782208; 0.100442;-0.205654;,
         0.914683;-0.036982;-0.215183;,
         0.928978; 0.041983;-0.460683;,
         0.782208; 0.100442;-0.205654;,
         0.764970;-0.235072;-0.205654;,
         0.893729;-0.248384;-0.210993;,
         0.914683;-0.036982;-0.215183;,
         0.764970;-0.235072;-0.205654;,
         0.396942;-0.190073;-0.505534;,
         0.864892;-0.337037;-0.445762;,
         0.893729;-0.248384;-0.210993;,
        -4.258026;-2.188370;-1.973797;,
        -3.508264;-1.506896;-0.688404;,
        -3.441359;-1.632732;-0.498388;,
        -4.241917;-2.233004;-1.973797;,
        -1.590277;-0.355611;-0.496263;,
        -1.565291;-0.290966;-0.309960;,
        -2.088476;-0.532282;-0.073120;,
        -2.121917;-0.584162;-0.323026;,
        -1.565291;-0.290966;-0.309960;,
        -1.590277;-0.355611;-0.496263;,
        -1.172277;-0.243474;-0.682787;,
